test:
  score_id_slice: 0.6516665196418763
  score_id_flat: 0.675002760887146
  score_aslice: 0.7111943364143372
valid:
  score_id_slice: 0.6775592827483228
  score_id_flat: 0.7128156837664152
  score_aslice: 0.7573354840278625
groups: []
