test:
  score_id_slice: 0.6829814340919256
  score_id_flat: 0.719929381608963
  score_aslice: 0.7357233762741089
valid:
  score_id_slice: 0.6888982943406231
  score_id_flat: 0.7332012483948156
  score_aslice: 0.754580557346344
groups: []
