test:
  score_id_slice: 0.7097690367698669
  score_id_flat: 0.749844251871109
  score_aslice: 0.7467191219329834
valid:
  score_id_slice: 0.7117221469941892
  score_id_flat: 0.7545608144057424
  score_aslice: 0.7674527764320374
groups: []
