test:
  score_id_slice: 0.6494831782579422
  score_id_flat: 0.6710969853401184
  score_aslice: 0.7111061215400696
valid:
  score_id_slice: 0.6760354009113814
  score_id_flat: 0.7096092374701249
  score_aslice: 0.757526159286499
groups: []
